0 1
0 2
0 3
0 4
0 5
0 6
0 7
0 10
0 12
0 15
0 19
0 21
0 31
0 36
0 42
0 53
0 55
0 75
0 76
0 83
0 93
0 100
0 130
0 140
0 144
0 191
0 197
0 205
0 219
0 232
0 275
0 287
0 290
0 294
0 312
0 316
0 345
0 364
0 406
0 446
0 461
0 466
0 475
0 491
0 508
0 513
0 568
0 578
0 611
0 612
0 627
0 631
0 643
0 667
0 704
0 707
0 815
0 851
0 864
0 870
0 890
0 919
0 984
0 1006
0 1082
0 1092
0 1154
0 1198
0 1207
0 1231
0 1280
0 1299
0 1306
0 1397
0 1424
0 1432
0 1433
0 1442
1 14
1 17
1 19
1 21
1 25
1 30
1 34
1 38
1 48
1 68
1 74
1 87
1 106
1 114
1 118
1 131
1 147
1 177
1 180
1 185
1 192
1 220
1 291
1 308
1 338
1 431
1 436
1 535
1 593
1 627
1 670
1 706
1 760
1 765
1 826
1 855
1 866
1 911
1 948
1 978
1 1020
1 1023
1 1103
1 1104
1 1119
1 1146
1 1255
1 1300
1 1384
1 1400
2 3
2 8
2 29
2 30
2 45
2 118
2 122
2 157
2 482
2 512
2 995
2 1104
2 1175
2 1451
3 4
3 9
3 24
3 27
3 35
3 62
3 116
3 156
3 158
3 162
3 223
3 267
3 280
3 300
3 407
3 500
3 639
3 660
3 727
3 872
3 931
3 945
3 1047
3 1131
3 1209
4 5
4 6
4 11
4 23
4 39
4 40
4 46
4 59
4 63
4 65
4 67
4 111
4 112
4 113
4 117
4 140
4 238
4 239
4 248
4 324
4 329
4 366
4 433
4 533
4 604
4 655
4 751
4 926
4 969
4 986
4 1043
4 1082
4 1255
4 1382
5 32
5 72
5 119
5 141
5 228
5 232
5 262
5 372
5 515
5 870
5 883
5 967
5 1000
5 1075
5 1305
6 7
6 8
6 12
6 41
6 44
6 45
6 49
6 64
6 69
6 88
6 130
6 132
6 151
6 234
6 241
6 251
6 266
6 276
6 278
6 318
6 326
6 334
6 340
6 342
6 358
6 390
6 392
6 395
6 458
6 483
6 488
6 492
6 501
6 527
6 551
6 565
6 570
6 661
6 733
6 829
6 953
6 995
6 1001
6 1005
6 1029
6 1076
6 1158
6 1174
6 1182
6 1275
6 1276
6 1284
6 1307
6 1361
6 1458
7 13
7 15
7 22
7 28
7 31
7 35
7 94
7 112
7 153
7 164
7 196
7 208
7 212
7 217
7 263
7 264
7 274
7 289
7 309
7 320
7 364
7 462
7 465
7 530
7 602
7 607
7 632
7 690
7 692
7 719
7 830
7 846
7 880
7 965
7 976
7 998
7 1040
7 1098
7 1109
7 1187
7 1207
7 1233
7 1285
7 1407
7 1454
8 9
8 10
8 14
8 17
8 27
8 37
8 61
8 126
8 146
8 155
8 165
8 185
8 188
8 306
8 321
8 359
8 378
8 441
8 518
8 622
8 638
8 652
8 809
8 877
8 920
8 936
8 946
8 993
8 1079
8 1149
8 1377
8 1406
8 1408
9 11
9 13
9 16
9 18
9 20
9 41
9 56
9 60
9 61
9 78
9 90
9 108
9 134
9 160
9 176
9 194
9 203
9 229
9 254
9 265
9 333
9 338
9 380
9 481
9 498
9 552
9 597
9 629
9 750
9 818
9 883
9 1024
9 1118
9 1203
9 1217
9 1288
9 1325
9 1356
10 89
10 117
10 183
10 189
10 266
10 285
10 304
10 608
10 841
10 1184
10 1391
11 18
11 23
11 28
11 32
11 52
11 79
11 95
11 106
11 113
11 123
11 174
11 202
11 212
11 240
11 351
11 381
11 434
11 520
11 528
11 546
11 573
11 701
11 742
11 1051
11 1072
11 1073
11 1075
11 1199
11 1294
11 1449
12 150
12 202
12 301
12 322
12 352
12 615
12 651
12 864
12 1405
13 58
13 71
13 103
13 115
13 142
13 163
13 175
13 178
13 190
13 199
13 279
13 286
13 300
13 386
13 435
13 439
13 469
13 497
13 506
13 543
13 619
13 922
13 941
13 958
13 1093
13 1134
13 1264
13 1384
14 16
14 20
14 26
14 34
14 39
14 43
14 44
14 52
14 59
14 86
14 121
14 159
14 173
14 200
14 228
14 296
14 331
14 394
14 463
14 579
14 636
14 751
14 789
14 929
14 931
14 1018
14 1154
14 1189
14 1301
14 1351
14 1374
14 1445
15 24
15 66
15 125
15 145
15 149
15 294
15 301
15 678
15 691
15 771
15 802
15 805
15 850
15 937
15 961
15 1083
15 1385
16 122
16 394
16 413
16 1115
16 1322
17 66
17 128
17 197
17 222
17 594
18 36
18 43
18 50
18 70
18 75
18 80
18 84
18 107
18 134
18 274
18 389
18 420
18 450
18 475
18 514
18 577
18 685
18 741
18 795
18 885
18 915
18 954
18 992
18 999
18 1001
18 1040
18 1086
18 1240
18 1390
18 1425
19 26
19 51
19 53
19 65
19 136
19 220
19 257
19 426
19 452
19 644
19 659
19 761
19 893
19 962
19 1315
20 22
20 38
20 46
20 60
20 78
20 81
20 85
20 126
20 158
20 241
20 292
20 295
20 326
20 328
20 344
20 405
20 423
20 456
20 513
20 516
20 616
20 624
20 633
20 665
20 677
20 708
20 813
20 854
20 882
20 896
20 1063
20 1347
20 1370
21 25
21 33
21 42
21 57
21 87
21 89
21 91
21 98
21 102
21 171
21 243
21 284
21 406
21 478
21 737
21 866
21 914
21 1184
21 1197
21 1225
22 29
22 169
22 545
23 50
23 235
23 459
23 558
23 773
23 789
24 155
24 163
24 166
24 247
24 270
24 290
24 297
24 324
24 391
24 447
24 473
24 490
24 586
24 662
24 725
24 736
24 1125
24 1432
25 63
25 77
25 137
25 168
25 214
25 401
26 37
26 49
26 104
26 150
26 234
26 272
26 399
26 724
26 812
26 1226
27 128
27 204
27 334
27 437
27 1060
27 1353
27 1418
28 72
28 101
28 189
28 347
28 492
28 504
28 600
28 807
28 946
28 974
28 1333
28 1376
29 77
29 114
29 120
29 138
29 167
29 172
29 227
29 356
29 415
29 443
29 534
29 606
29 772
29 828
29 1133
29 1304
30 57
30 271
30 405
30 473
30 510
30 655
30 676
30 749
30 970
30 1218
30 1229
30 1287
30 1377
31 133
31 152
31 543
31 1139
32 33
32 40
32 55
32 56
32 58
32 69
32 71
32 97
32 142
32 192
32 203
32 248
32 307
32 356
32 361
32 479
32 528
32 533
32 534
32 539
32 593
32 620
32 683
32 780
32 807
32 891
32 913
32 950
32 994
32 1055
32 1068
32 1161
32 1174
32 1229
33 146
33 224
33 351
33 445
33 549
33 589
33 700
33 832
33 898
33 1113
34 54
34 145
34 279
34 328
34 361
34 418
34 467
34 494
35 62
35 839
35 997
36 460
36 467
36 574
36 776
36 790
36 897
36 923
36 1192
36 1221
36 1351
38 51
38 509
38 557
38 1310
38 1455
39 104
39 147
39 153
39 225
39 418
39 557
39 703
39 714
39 847
39 886
39 1161
39 1188
39 1289
39 1314
39 1373
39 1429
41 47
41 108
41 111
41 143
41 152
41 174
41 215
41 226
41 260
41 268
41 296
41 311
41 355
41 442
41 449
41 542
41 654
41 806
41 1080
41 1128
41 1211
41 1427
42 47
42 281
42 310
42 332
42 342
42 369
42 770
42 1023
42 1058
42 1238
43 124
43 127
43 315
43 404
43 498
43 646
43 756
43 980
43 1101
43 1437
44 98
44 210
44 354
44 376
44 541
44 614
44 1169
44 1307
44 1323
44 1437
45 48
45 54
45 64
45 67
45 424
45 479
45 1097
46 1446
47 298
47 314
47 360
47 365
47 583
47 720
47 756
47 914
47 918
48 172
48 752
48 1022
48 1078
48 1203
49 129
49 213
49 231
49 333
49 714
49 788
50 110
50 205
50 397
50 427
50 519
50 546
50 820
50 845
50 1277
51 85
51 105
51 127
51 168
51 171
51 320
51 346
51 354
51 400
51 564
51 571
51 587
51 613
51 628
51 1354
51 1360
52 83
52 92
52 165
52 211
52 259
52 383
52 429
52 432
52 490
52 568
52 621
52 754
52 1054
53 642
53 682
53 957
53 1039
53 1204
54 88
54 252
54 335
54 497
54 819
54 832
54 1013
54 1027
54 1099
55 170
55 509
55 1077
55 1276
56 79
56 293
56 817
57 94
57 103
57 178
57 186
57 244
57 252
57 353
57 396
57 642
57 717
57 881
57 915
57 919
57 1212
57 1259
57 1295
58 73
58 115
58 196
58 603
58 649
58 695
58 791
58 1085
58 1196
58 1239
59 107
59 218
59 872
59 1087
60 100
60 101
60 379
60 417
60 606
60 613
60 1409
61 73
61 74
61 383
61 852
61 1010
61 1057
61 1168
61 1410
62 68
62 96
62 459
62 532
62 730
62 907
62 1121
62 1146
62 1164
62 1220
63 76
63 81
63 82
63 120
63 156
63 237
63 397
63 472
63 592
63 924
63 1197
64 164
64 187
64 709
64 1200
65 167
65 173
65 239
65 450
65 814
67 125
67 256
67 305
67 402
67 696
67 1010
67 1089
68 70
68 181
68 182
68 255
68 318
68 799
68 983
68 1147
69 93
69 285
69 548
70 311
71 135
71 159
71 592
71 595
71 1210
71 1348
72 96
72 109
72 124
72 137
72 288
72 385
72 589
72 609
72 624
72 666
72 860
72 1097
72 1393
72 1439
73 82
74 80
74 86
74 95
74 198
74 209
74 226
74 277
74 553
74 611
74 843
74 857
74 863
74 892
74 969
74 1099
74 1221
74 1266
74 1269
75 580
75 1325
75 1422
76 84
76 110
76 278
76 371
76 474
76 526
76 538
76 555
76 561
76 576
76 1080
76 1216
76 1386
77 154
77 182
77 313
77 371
77 428
77 489
77 586
77 741
77 982
77 1350
78 346
78 934
79 392
79 1416
80 141
80 148
80 574
80 716
81 428
81 740
81 784
82 91
82 97
82 99
82 133
82 148
82 177
82 308
82 314
82 323
82 363
82 367
82 831
82 965
82 1030
82 1110
82 1118
83 92
83 123
83 138
83 401
83 895
83 1046
83 1456
84 90
84 131
84 253
84 291
84 368
84 573
84 698
84 784
84 800
84 825
84 940
84 1071
84 1133
84 1334
84 1336
85 179
85 195
85 199
85 207
85 246
85 329
85 408
85 536
85 567
85 723
85 778
85 856
85 1019
85 1371
85 1381
86 214
86 348
86 956
87 157
87 1234
87 1242
88 247
88 419
88 465
88 804
88 998
88 1444
89 119
89 1282
90 243
90 312
90 555
90 618
90 672
90 1219
90 1235
91 139
91 187
91 254
91 570
91 718
92 710
92 1012
92 1026
92 1143
92 1185
93 656
93 899
93 1166
94 99
94 105
94 109
94 121
94 143
94 169
94 221
94 331
94 386
94 430
94 664
94 697
94 739
94 799
94 819
94 933
94 1136
94 1151
94 1180
94 1215
94 1286
95 102
95 180
95 251
95 438
95 559
95 591
95 1155
96 347
96 515
96 689
96 963
97 183
97 204
97 495
97 508
97 1038
97 1073
98 313
98 688
98 1173
98 1236
99 249
100 135
100 206
100 209
100 545
100 637
100 748
100 921
100 1202
100 1378
100 1399
100 1457
101 176
101 210
101 216
101 366
101 438
101 1281
101 1336
101 1344
102 409
102 1279
103 136
103 250
103 299
103 367
103 601
103 625
103 865
103 1167
104 195
104 295
104 377
104 441
104 881
104 1098
104 1144
104 1252
105 242
105 452
106 216
106 245
106 560
106 759
106 862
106 1014
106 1034
106 1129
107 139
107 1152
108 379
108 398
108 478
108 501
108 681
108 1053
108 1418
109 217
109 393
110 224
110 336
110 643
110 785
110 833
110 894
110 984
111 149
111 166
111 231
111 233
111 288
111 454
111 468
111 638
111 925
111 972
111 1094
111 1171
111 1263
111 1360
111 1392
111 1421
112 144
112 193
112 211
112 256
112 595
112 645
112 658
112 702
112 1346
113 190
113 358
114 116
114 422
114 537
114 623
114 629
114 997
114 1072
114 1183
114 1445
115 451
115 1240
117 292
117 577
117 743
117 1025
118 270
118 327
118 421
118 651
118 718
118 954
119 272
119 370
119 649
119 700
119 1193
120 184
120 448
120 778
120 842
120 945
121 160
122 218
122 227
122 398
122 400
122 485
122 647
122 987
122 1399
122 1425
123 273
124 1013
125 529
125 735
126 132
126 206
126 258
126 388
127 129
127 170
127 282
127 325
127 376
127 590
127 988
127 1105
128 186
128 193
128 378
128 403
128 430
128 469
128 538
128 541
128 632
128 716
128 794
128 912
128 1246
128 1423
128 1426
129 1206
129 1296
130 387
130 435
130 500
130 1128
132 162
132 687
133 208
133 335
133 672
133 877
134 191
134 316
134 381
134 402
134 565
134 868
134 1292
134 1383
135 484
135 505
135 722
135 774
135 861
135 1228
135 1303
136 181
136 221
136 471
136 674
136 1168
137 257
137 486
137 1025
137 1201
137 1284
138 151
138 198
138 336
138 499
138 580
138 652
138 686
138 823
138 1107
140 161
141 640
141 806
142 1127
143 261
143 1034
144 389
144 481
144 506
144 828
144 842
144 1182
144 1224
144 1228
144 1243
145 900
145 1084
145 1345
146 223
146 888
147 264
147 345
147 440
148 179
148 222
148 411
148 434
148 454
148 554
148 879
148 1062
149 415
149 1007
149 1159
149 1252
149 1294
150 249
150 874
150 1290
151 388
151 1342
151 1413
152 154
152 194
152 1015
152 1283
153 260
153 299
153 466
153 793
154 417
154 1222
155 526
155 641
155 725
157 353
157 549
157 1048
157 1254
157 1358
157 1367
159 161
159 275
159 282
159 369
159 393
159 660
159 782
159 822
159 836
159 840
159 902
159 1065
159 1268
159 1359
161 310
161 578
161 858
161 1224
162 582
163 175
163 244
163 514
163 610
163 1137
163 1435
164 201
164 339
164 359
164 409
164 527
164 530
164 663
164 680
164 684
164 903
164 1068
164 1106
164 1125
164 1321
164 1368
165 219
165 229
165 253
165 273
165 429
165 487
165 539
165 764
165 801
165 1018
165 1258
166 446
166 1190
167 258
167 935
167 1117
167 1394
168 1002
169 184
169 343
169 439
169 567
169 581
169 1054
169 1244
169 1308
170 233
170 297
170 486
170 610
170 882
170 1169
172 250
172 887
174 188
174 594
174 648
174 1339
175 255
175 269
175 322
175 493
175 876
175 1088
175 1206
176 201
176 976
176 1055
177 237
177 343
177 425
177 644
178 575
178 1052
179 699
179 766
179 868
179 1059
180 622
180 859
181 200
181 207
181 873
181 1137
183 598
183 963
183 1298
185 547
185 804
186 355
186 357
186 635
186 816
186 928
186 938
186 1081
186 1312
186 1339
187 382
188 524
189 380
189 399
189 587
189 671
189 711
189 740
189 834
189 964
190 213
190 269
190 304
190 305
190 519
190 697
190 726
190 885
190 1050
190 1114
190 1191
192 599
192 620
193 705
194 1114
195 746
196 1089
196 1422
197 245
197 286
197 344
197 445
197 687
197 853
197 1349
198 862
198 889
199 421
199 1163
200 236
200 261
200 302
200 363
200 416
200 707
200 844
200 1316
202 230
202 236
202 281
202 368
202 413
202 499
202 576
202 598
202 616
202 747
202 962
202 1106
202 1112
203 240
203 496
203 972
205 384
205 431
205 596
205 693
205 712
205 901
205 926
205 1323
207 235
207 271
207 728
207 944
208 242
208 330
208 518
208 899
208 1177
208 1292
209 373
209 476
210 340
210 521
210 916
210 1032
211 719
211 721
211 1414
212 215
212 621
212 680
212 723
212 929
213 630
213 901
214 289
215 811
215 1429
216 374
216 857
216 869
216 979
216 1166
217 225
217 283
217 323
217 414
217 512
217 645
217 686
217 758
217 909
217 968
217 1039
218 524
218 626
218 822
218 1003
219 460
219 510
222 315
222 449
222 485
222 502
222 597
222 826
223 246
223 427
223 551
223 745
223 927
223 967
223 1157
223 1267
223 1447
224 410
224 1163
225 238
225 262
225 276
225 280
225 306
225 495
225 871
225 1139
225 1188
225 1291
225 1342
225 1362
225 1436
226 277
226 1378
227 302
228 699
229 230
229 375
229 550
229 840
230 477
230 617
230 788
230 1058
230 1108
231 265
231 350
231 675
231 854
231 884
231 1189
231 1343
232 341
232 590
232 793
232 846
232 1250
232 1441
233 349
233 408
233 504
233 715
233 796
233 939
233 1064
233 1138
233 1162
233 1341
234 493
234 564
234 1286
235 1341
236 422
237 283
237 440
237 713
237 950
238 837
239 259
239 453
239 848
239 1044
239 1420
240 309
240 737
240 1412
242 458
242 563
242 781
242 1070
244 263
244 267
244 284
244 722
244 735
244 981
244 1056
244 1124
244 1428
245 373
245 387
245 1257
246 423
246 1191
247 671
248 303
248 753
248 781
250 319
250 970
251 410
251 1340
252 821
252 1172
253 1273
254 1061
256 442
256 1340
257 433
258 293
258 517
258 775
259 556
259 561
260 803
260 1314
261 337
261 507
261 1012
261 1151
262 536
262 989
262 1383
263 319
263 553
263 835
263 1274
264 268
265 412
265 1395
266 303
266 374
266 448
266 674
266 1201
266 1237
266 1285
266 1434
268 554
268 909
268 1006
269 560
270 636
270 1352
271 287
271 637
271 1404
273 432
273 550
273 927
273 1226
273 1237
274 608
274 754
274 886
275 317
275 348
275 362
275 375
275 715
275 752
275 1315
275 1356
277 360
277 1031
278 503
278 626
278 654
278 1063
279 420
279 468
279 1382
280 1004
281 327
281 456
281 1048
281 1132
282 765
282 827
283 451
283 471
283 709
283 771
283 923
283 1199
283 1349
283 1460
284 298
284 325
284 339
284 472
284 529
284 656
284 744
284 761
284 1127
284 1363
285 1181
285 1415
286 647
286 730
286 809
286 889
286 1249
286 1357
288 623
289 321
289 352
289 562
289 731
290 395
290 588
291 463
291 520
291 988
291 996
292 382
292 977
294 470
294 1214
294 1313
295 332
295 349
295 488
295 773
295 787
295 844
295 876
295 971
295 985
295 1028
295 1247
295 1288
295 1364
295 1406
296 1074
297 779
297 848
297 947
297 1077
297 1156
297 1367
298 372
298 612
298 1102
299 370
299 474
299 1100
299 1441
301 377
301 704
301 750
301 772
301 977
302 447
302 494
302 633
303 330
303 362
303 856
303 1180
303 1333
304 307
304 462
304 563
304 603
304 650
305 404
305 461
306 516
306 1452
307 483
307 1074
308 407
308 662
308 695
309 350
309 974
310 317
310 908
311 482
311 489
311 582
311 1022
312 419
312 755
312 764
314 416
314 480
314 634
314 679
314 982
314 1291
315 676
317 712
317 815
317 1115
317 1460
318 703
319 453
319 480
320 797
321 852
322 810
323 337
323 357
323 1193
324 341
324 1278
324 1421
325 659
325 942
325 973
326 484
326 496
326 617
326 933
326 941
326 1179
326 1277
327 924
327 1042
327 1066
329 502
329 503
329 838
329 1027
331 615
333 547
333 668
333 894
333 934
333 1136
334 669
334 1251
336 711
336 811
337 396
337 650
337 1309
338 569
338 803
338 917
339 720
339 1037
339 1232
339 1371
341 698
342 365
342 812
343 1274
343 1309
345 384
345 412
345 1172
346 685
348 694
348 895
351 579
351 607
351 955
351 958
351 992
351 1316
351 1317
352 523
352 1042
352 1053
352 1208
352 1355
353 689
353 693
353 910
353 1145
353 1297
354 569
354 1440
355 426
355 987
355 1002
355 1213
356 385
356 1076
357 727
357 960
358 966
358 1017
359 556
360 1045
360 1261
360 1332
361 403
361 664
361 855
362 631
362 673
362 742
362 873
362 1021
363 390
364 464
364 583
364 890
364 1401
366 930
368 511
369 657
369 708
369 713
370 436
370 661
370 878
371 692
371 841
372 634
373 991
373 1177
373 1396
374 424
374 1000
374 1088
374 1313
374 1317
375 768
376 1434
378 391
378 572
379 535
379 640
379 732
381 414
381 487
381 721
381 851
381 892
381 1069
381 1216
384 635
385 585
385 1238
385 1251
386 470
386 1282
386 1414
388 663
389 641
389 943
389 1009
390 1296
393 833
393 838
395 734
395 747
395 824
395 1140
396 425
397 411
397 591
399 762
399 796
399 824
399 849
399 918
399 1295
402 1253
403 537
405 853
405 1448
405 1449
406 521
409 1178
410 602
410 639
410 791
410 1031
411 531
411 1242
412 455
413 444
413 517
413 859
413 879
413 999
413 1310
416 605
416 678
416 827
416 1442
417 584
418 745
418 770
420 653
420 667
420 783
420 1064
421 540
421 1111
421 1248
422 443
422 505
422 507
422 891
423 455
423 785
423 1035
423 1236
424 795
425 665
425 763
425 1266
425 1408
426 673
426 911
426 959
428 843
428 865
428 1205
428 1227
428 1372
429 544
430 477
430 628
431 437
431 464
431 684
431 1008
431 1110
432 1217
433 457
433 566
433 571
433 777
433 878
433 1051
433 1181
433 1458
434 457
434 511
434 653
434 798
434 839
434 944
434 1152
434 1459
435 584
436 994
437 566
438 1145
438 1202
439 523
439 729
439 957
439 1016
439 1028
439 1397
439 1457
440 476
440 920
441 760
441 993
443 444
443 605
443 903
443 1090
445 1093
446 729
446 1176
446 1297
446 1365
446 1389
448 677
449 1213
450 732
450 768
450 1173
451 548
451 1362
452 1327
453 544
453 559
453 905
453 1190
454 1156
455 618
455 805
456 585
456 601
457 820
457 1244
458 758
458 1373
460 898
461 1101
461 1150
461 1171
462 728
462 786
462 1083
462 1287
463 1289
465 921
465 1021
465 1424
465 1453
468 1366
469 782
469 906
470 1262
472 525
472 925
473 562
473 670
473 783
473 960
473 1004
473 1037
474 688
474 738
474 814
474 966
474 1194
474 1455
475 542
475 867
475 1413
476 525
476 1126
477 491
477 666
478 786
479 769
482 552
482 767
482 949
482 1036
483 575
484 762
484 790
484 1134
484 1153
484 1305
484 1359
485 810
485 913
488 830
490 1278
491 614
492 522
492 558
492 916
494 531
494 1120
498 600
498 875
501 893
501 939
501 951
501 1365
501 1453
502 522
502 738
502 1443
503 1355
504 1105
505 540
506 836
506 845
506 1107
506 1205
506 1234
506 1364
507 679
507 1057
508 863
508 884
508 888
508 1047
508 1085
508 1259
509 696
509 1108
509 1245
509 1330
509 1335
510 681
510 776
510 910
512 588
512 875
512 1387
514 532
517 625
518 734
521 705
521 835
521 953
521 1153
522 1387
523 904
523 1005
524 947
524 1070
524 1131
525 775
525 1303
526 604
526 1311
528 971
528 1056
529 746
529 1426
532 1391
534 743
534 980
534 981
534 1119
535 1283
536 1140
538 572
538 630
538 1331
540 619
540 952
540 968
543 710
543 777
543 1011
543 1019
543 1386
543 1388
546 609
548 1067
552 646
552 849
552 1350
555 766
555 794
555 902
555 1065
555 1263
556 917
556 956
556 1113
558 599
558 668
559 792
562 949
562 1366
562 1450
564 694
570 1433
572 701
572 1257
572 1375
574 581
576 996
576 1415
577 669
578 767
578 1049
580 733
581 690
581 850
581 900
582 1041
586 596
586 847
587 1030
587 1427
588 682
588 1233
589 1198
590 683
591 755
591 1094
591 1124
591 1279
592 748
593 936
594 861
594 1176
596 757
597 731
597 1231
600 706
600 1344
601 648
601 1020
601 1272
602 749
603 990
603 1393
605 744
605 763
605 1280
605 1428
606 1081
606 1208
606 1352
606 1401
609 1411
610 1122
611 1052
611 1061
611 1249
614 657
614 739
614 871
616 912
616 935
618 1272
620 1232
622 825
623 801
624 769
626 658
627 1374
628 897
628 1372
630 829
631 973
631 1043
636 702
636 1032
636 1067
639 813
643 1211
643 1246
644 759
644 1306
645 905
645 1135
647 1102
649 1270
652 757
655 942
655 1265
656 691
656 930
659 1267
659 1402
661 1014
661 1041
661 1123
661 1268
662 821
664 1046
665 1440
666 1144
667 922
668 675
668 1187
668 1328
669 808
669 817
669 975
669 1243
669 1254
669 1293
672 1112
672 1170
674 724
674 1038
676 726
676 1265
680 943
682 802
682 1033
682 1049
683 1394
684 948
687 736
688 1096
689 1320
693 797
693 1159
694 1147
695 753
700 978
700 1011
700 1185
700 1220
703 1100
703 1219
703 1379
704 1195
704 1209
706 831
706 937
706 1337
707 1084
708 1158
708 1379
712 860
712 1381
714 837
716 717
717 779
717 1222
721 1396
723 1109
723 1155
726 1060
727 792
729 867
729 1007
729 1301
732 787
733 1035
733 1419
734 1103
735 1126
736 823
737 1160
739 961
743 808
743 1092
743 1256
746 989
747 774
749 1405
750 1423
753 1141
753 1430
754 880
755 780
755 798
755 1015
757 816
757 1417
758 1183
759 896
759 979
761 1192
761 1332
763 1398
765 959
766 1079
770 983
770 1116
770 1357
771 932
771 1090
771 1354
772 1392
773 800
773 975
774 818
774 1253
776 1122
776 1170
783 907
785 906
787 1454
789 1302
790 1160
791 1444
792 1045
792 1087
794 951
799 1304
804 1262
807 904
810 1009
811 1033
811 1148
811 1281
811 1348
813 1095
814 1318
814 1439
815 1008
818 932
818 1214
819 1420
820 834
820 1186
821 1215
823 1390
827 874
831 1036
831 1123
831 1148
833 869
838 1258
839 1270
840 1194
841 1186
841 1312
845 938
845 1071
845 1375
845 1456
846 858
846 1337
846 1416
849 1431
851 887
852 1410
853 1225
855 955
855 1247
856 1059
859 908
867 1091
868 1400
872 986
875 1223
877 1321
878 1380
879 1062
879 1299
879 1322
880 964
881 1069
884 1230
886 1343
886 1369
898 1200
898 1389
900 1443
901 1129
902 1330
903 1086
905 928
905 1403
911 1050
912 1091
913 940
913 1409
918 1024
921 1241
925 1142
926 985
926 1026
927 1338
928 1120
930 1096
930 1178
930 1227
932 1162
932 1248
936 952
936 1311
940 1298
941 1116
941 1143
949 1403
952 1117
953 991
953 1141
956 1450
957 1179
960 1150
960 1164
963 1327
965 1017
966 1338
968 990
968 1066
968 1078
968 1241
971 1335
972 1324
972 1345
975 1223
975 1275
976 1121
976 1293
976 1438
977 1435
979 1130
984 1130
984 1138
984 1318
986 1029
987 1196
992 1438
993 1003
993 1016
993 1149
993 1308
993 1329
993 1402
995 1135
995 1451
999 1347
1000 1175
1001 1044
1007 1370
1008 1446
1009 1353
1010 1368
1019 1261
1029 1157
1033 1452
1039 1195
1044 1273
1047 1095
1050 1334
1054 1271
1061 1346
1063 1395
1064 1412
1067 1142
1067 1264
1080 1165
1081 1230
1082 1210
1085 1204
1098 1218
1100 1111
1104 1388
1112 1448
1118 1165
1118 1447
1121 1256
1121 1358
1122 1132
1122 1269
1124 1376
1136 1319
1141 1369
1148 1407
1149 1319
1154 1436
1156 1290
1160 1167
1165 1239
1176 1329
1180 1302
1181 1260
1184 1320
1187 1459
1188 1212
1190 1260
1193 1404
1195 1271
1202 1235
1202 1250
1211 1245
1216 1361
1231 1300
1238 1324
1239 1331
1260 1380
1276 1326
1289 1411
1295 1398
1302 1385
1306 1363
1317 1326
1322 1328
1351 1419
1383 1431
1391 1417
1429 1430
