0 125
0 369
0 395
1 1058
1 1085
1 1105
1 1297
2 8
2 74
2 601
2 1185
2 1434
3 124
3 636
3 855
4 138
4 1345
4 1350
4 1386
5 698
5 856
5 1024
5 1419
6 100
6 973
6 1071
7 771
7 1253
8 254
8 1426
8 1431
9 120
9 599
9 716
9 809
9 1309
9 1379
10 518
10 690
10 788
11 983
11 1167
12 156
12 296
12 368
12 751
12 868
12 929
12 1128
13 476
13 753
14 372
14 412
14 508
14 732
14 767
15 398
15 483
15 544
15 1271
16 128
16 568
16 980
17 56
17 239
18 638
18 702
18 956
18 960
19 578
19 620
19 648
20 261
20 576
20 744
20 782
20 786
21 161
21 625
21 754
21 817
21 1300
22 907
22 1097
23 789
24 163
24 188
24 645
24 1096
24 1301
25 268
25 555
25 845
25 1105
26 111
26 342
27 941
27 990
27 1159
28 227
28 733
28 1096
29 32
29 167
29 504
29 545
29 705
29 856
29 971
29 1067
29 1177
29 1317
30 203
30 323
30 548
30 1071
30 1139
30 1200
31 143
31 708
31 843
31 1044
31 1326
32 218
32 638
32 733
32 750
33 254
33 258
33 269
33 346
34 89
34 244
34 745
35 587
35 1271
36 718
36 1396
38 216
38 872
38 997
39 95
39 98
39 129
39 296
39 322
39 886
39 911
40 114
40 460
40 895
40 1131
42 574
42 701
42 953
42 1210
43 1268
44 817
44 1338
44 1452
45 951
45 1445
46 544
46 742
46 1116
46 1120
47 170
47 347
47 547
48 98
48 409
48 1184
48 1234
48 1346
48 1398
49 211
49 779
49 1087
50 484
50 655
50 1269
50 1304
52 80
52 133
52 326
52 338
52 500
52 524
52 904
53 127
53 1117
54 644
54 750
54 1121
55 144
55 292
55 590
55 767
55 888
55 1160
55 1205
55 1351
56 265
56 479
56 1140
57 328
58 1086
58 1265
58 1388
59 141
59 821
59 840
59 937
60 312
60 1391
60 1441
60 1445
61 663
61 666
62 188
62 378
62 849
62 992
62 1147
62 1211
63 70
63 238
63 249
63 485
63 869
63 1036
64 252
65 415
65 516
65 792
65 1415
66 105
66 720
66 1207
66 1208
67 413
67 841
68 112
68 783
68 929
68 961
68 1034
70 399
70 667
70 705
70 1061
70 1447
71 279
71 984
71 1098
71 1458
72 1122
72 1198
73 516
73 696
74 1120
75 548
75 556
76 911
76 946
76 1022
76 1373
76 1408
77 200
77 511
77 1026
77 1248
78 143
78 1134
78 1450
79 431
79 613
79 703
79 1002
79 1003
79 1180
80 178
80 932
81 154
81 751
81 764
81 1161
81 1357
82 886
83 180
83 309
83 462
83 804
83 889
84 167
84 1418
85 829
85 994
85 1301
85 1421
86 254
86 635
88 212
88 614
89 1143
90 249
90 337
90 509
91 548
91 607
91 755
91 930
92 1271
92 1273
93 545
93 806
93 860
93 1152
93 1320
94 100
94 210
94 366
94 384
94 510
94 597
94 677
95 482
95 750
95 1380
96 173
96 1040
96 1416
97 352
97 1158
97 1240
97 1458
98 237
98 252
98 926
98 1135
98 1330
98 1353
99 242
99 306
99 508
99 613
99 1083
99 1168
99 1275
100 394
100 655
101 526
101 714
101 870
101 903
101 1338
102 232
102 541
102 551
102 587
102 690
103 107
103 168
103 662
103 1075
104 164
104 195
105 135
105 750
105 1096
105 1234
106 670
106 954
107 241
107 1020
107 1039
108 404
108 637
108 1048
108 1294
109 586
109 740
109 933
110 319
110 709
110 1017
111 1254
112 121
112 164
112 248
112 446
112 913
112 950
113 551
113 870
114 264
114 1458
115 231
115 632
115 710
115 1006
115 1042
115 1049
115 1093
116 325
116 485
116 651
116 881
116 1007
116 1420
117 564
117 1156
118 384
118 1116
118 1139
119 772
120 271
120 1120
120 1231
120 1364
121 1399
122 1033
123 126
123 408
123 569
123 961
123 1182
123 1266
123 1370
124 297
124 548
124 570
124 866
124 1299
125 361
125 483
125 620
125 1074
125 1149
125 1357
126 998
126 1230
126 1426
127 994
127 1055
127 1201
128 863
129 284
129 353
130 197
130 271
130 768
131 868
132 926
132 1027
132 1222
133 959
133 1117
135 339
135 739
135 1459
136 238
136 258
136 406
137 243
137 439
137 998
137 1122
138 533
138 1167
139 284
139 531
139 1289
140 258
140 578
140 833
140 900
140 1245
141 326
141 603
141 1028
142 856
143 297
143 341
143 585
144 440
144 1118
144 1129
144 1237
145 556
145 650
145 755
145 849
145 983
145 987
145 1128
145 1378
146 422
146 839
148 246
149 455
149 929
150 1269
150 1359
151 181
152 1054
152 1434
153 681
153 764
153 1213
154 166
154 187
154 447
154 636
154 704
154 806
154 822
154 912
154 1004
154 1133
155 293
155 575
155 1123
155 1446
156 567
156 760
157 792
157 1341
157 1447
158 258
158 568
158 835
158 1023
158 1252
159 204
159 655
159 931
159 1120
160 622
160 728
160 877
160 1431
161 301
161 495
161 1129
161 1272
161 1357
161 1453
163 399
163 807
163 829
164 396
164 887
164 1209
164 1443
165 179
165 863
166 531
166 896
166 1260
167 338
167 410
167 782
167 1012
167 1144
168 591
168 1347
168 1440
169 348
169 521
170 819
171 596
171 617
172 1344
173 447
173 1096
174 514
174 536
174 768
174 1100
174 1312
175 499
175 890
175 1152
175 1239
176 1043
176 1194
176 1298
177 184
177 350
177 642
177 849
177 920
177 1179
178 322
178 524
178 596
178 726
178 848
178 899
178 1315
179 330
179 464
179 811
179 907
179 1199
180 466
180 664
180 787
180 1335
181 578
181 976
181 1368
181 1374
182 218
182 1026
182 1031
183 802
183 1070
184 1458
185 336
185 739
185 1360
186 780
186 1109
186 1429
187 312
187 577
187 861
187 876
187 1182
188 226
188 565
188 758
188 823
188 1053
188 1421
189 199
189 243
189 458
189 681
189 706
189 803
191 209
191 1119
191 1235
191 1247
192 415
192 646
192 696
192 1177
193 396
193 444
193 505
193 627
193 779
193 995
193 1035
193 1134
194 466
195 275
195 399
195 1403
195 1458
196 403
196 595
197 296
197 584
197 845
197 1189
197 1254
197 1353
198 444
198 887
198 1424
199 214
199 320
199 1395
199 1407
200 843
200 976
201 538
201 1379
202 776
202 1193
202 1427
203 741
203 743
203 767
203 847
203 1067
204 362
204 461
204 1435
205 371
205 765
205 767
205 1000
206 445
206 579
206 1115
206 1170
206 1333
207 309
207 1223
207 1282
208 575
209 282
209 708
209 889
209 981
209 1077
209 1092
211 420
211 693
211 721
211 1440
212 387
212 481
212 742
213 715
214 438
214 906
214 1152
214 1321
215 246
215 423
215 591
215 916
215 1164
216 362
216 953
216 1144
216 1354
217 648
217 1124
217 1399
218 582
218 735
218 920
218 1292
219 348
219 677
220 390
220 404
220 1023
221 270
221 342
221 688
221 823
222 520
222 1090
222 1121
222 1266
223 475
223 630
223 939
223 955
223 1308
224 901
224 966
226 335
226 962
226 1070
226 1072
226 1123
227 238
227 351
227 551
227 899
228 263
229 287
229 817
229 1332
230 1173
230 1228
231 289
231 801
231 1141
231 1182
231 1363
232 586
232 878
232 1000
232 1134
232 1446
233 265
233 950
233 1100
234 1146
234 1390
234 1402
235 284
235 454
235 847
235 989
235 1095
235 1394
236 372
236 1192
237 1237
238 525
238 652
238 1013
238 1109
238 1111
239 767
239 864
239 1345
240 274
240 553
240 688
240 705
240 752
240 1394
240 1443
241 323
241 454
241 490
241 585
241 1140
242 824
243 630
243 676
243 738
243 771
243 1062
243 1189
243 1202
244 503
244 828
244 1047
244 1449
244 1450
245 569
245 1166
246 381
246 583
246 640
246 718
246 823
246 1131
246 1289
247 669
247 1028
247 1241
247 1451
248 992
248 1111
248 1310
249 925
249 1001
249 1255
249 1327
250 726
250 863
250 1048
250 1190
250 1354
250 1423
252 1293
253 1145
254 444
254 1046
255 770
255 1054
255 1247
256 537
256 647
256 1442
257 469
257 885
257 976
257 1204
258 333
258 431
259 881
259 1177
259 1230
259 1257
260 1065
261 368
261 403
261 472
261 619
261 650
261 700
261 731
261 1359
261 1416
262 364
262 550
262 757
262 1206
262 1337
263 622
263 994
263 998
263 1052
263 1400
264 687
264 1434
265 685
265 719
265 957
265 1306
265 1381
266 403
266 410
266 634
266 692
266 868
266 1189
266 1296
266 1410
266 1415
266 1448
267 313
267 338
267 744
267 934
267 989
267 1012
268 282
268 487
268 824
268 942
268 1282
268 1300
269 491
269 563
269 1181
269 1365
270 373
270 936
270 987
271 583
271 609
271 745
271 903
271 923
271 931
271 1128
271 1457
272 1096
273 512
273 761
274 1228
274 1382
274 1419
274 1431
275 410
275 642
275 866
275 1216
277 398
278 1208
279 1010
280 972
280 1366
281 412
281 577
281 1127
282 1307
283 1062
283 1125
283 1404
284 548
284 665
284 832
284 1268
285 509
286 676
286 1247
286 1422
287 568
287 640
287 807
287 1316
287 1415
288 741
288 964
288 1030
288 1218
288 1377
289 1177
289 1387
290 691
290 1390
291 578
292 655
292 765
292 1321
292 1337
292 1382
293 527
293 644
293 731
293 977
294 697
294 879
294 1154
294 1345
294 1348
294 1449
295 867
295 1444
296 1066
296 1255
296 1447
298 332
298 1039
298 1067
298 1268
300 716
300 1006
301 309
301 589
301 1036
301 1370
302 341
302 406
302 825
302 887
302 1250
302 1433
303 639
303 671
303 1188
303 1295
304 572
304 895
304 1321
305 357
305 361
305 474
305 718
305 847
306 859
306 890
307 666
307 685
307 719
307 919
307 1247
307 1289
309 618
309 754
310 797
310 1221
311 518
311 713
311 1092
311 1451
312 430
313 436
313 442
313 639
313 655
313 693
313 865
313 891
313 1015
314 538
314 683
314 803
314 1114
314 1302
315 531
315 1289
315 1323
316 553
316 1098
317 657
317 662
317 1040
317 1078
318 704
318 866
318 900
319 690
320 467
320 698
320 949
320 1278
321 813
321 1317
322 941
323 865
324 531
324 936
324 976
324 1124
324 1335
325 602
325 1175
325 1213
326 344
326 818
327 484
327 1124
327 1162
328 431
328 1058
329 485
329 770
329 969
329 1060
329 1077
330 373
330 876
330 1354
331 399
331 909
331 1032
331 1144
332 943
333 548
333 759
333 996
333 1232
334 502
334 991
334 1329
335 898
335 1072
337 583
337 1205
337 1343
338 458
338 968
339 882
339 1415
341 373
342 1377
344 580
344 606
344 1344
344 1381
345 557
345 663
345 1417
346 713
346 1286
347 583
347 799
347 1348
348 614
348 839
348 1067
348 1405
350 468
350 1378
351 859
351 1051
351 1193
352 755
352 786
352 836
352 1066
352 1397
353 1355
354 440
354 1273
355 1100
355 1148
355 1423
356 611
356 993
356 1017
356 1369
357 862
357 894
357 977
357 985
359 1156
359 1207
359 1226
359 1279
360 506
360 1083
361 739
361 760
361 1039
362 401
362 671
362 965
363 791
364 1063
364 1391
365 395
365 584
365 1114
365 1287
365 1361
366 1199
368 604
368 1084
368 1090
369 559
370 439
371 792
371 870
371 928
371 976
371 1126
372 410
372 486
372 1249
372 1275
372 1411
373 674
374 397
374 479
374 527
374 890
374 1348
375 1104
375 1149
376 687
376 741
376 836
376 1063
376 1381
376 1455
377 607
377 1083
378 682
378 858
379 916
379 1300
381 843
382 869
382 1248
383 668
383 712
383 807
383 1348
384 1425
385 421
385 822
385 1172
385 1175
385 1368
386 897
386 1019
386 1400
387 463
387 599
387 663
387 720
387 728
387 919
388 767
388 802
388 1148
389 759
389 1415
390 450
390 1381
391 437
391 1212
392 435
392 508
392 984
392 986
392 1229
392 1256
392 1324
393 1190
394 552
394 601
395 847
395 1077
395 1372
395 1426
396 864
396 866
396 917
396 928
396 1272
397 699
397 1383
398 532
398 1063
398 1434
399 1034
399 1398
400 493
400 547
401 642
401 734
402 634
402 981
403 816
403 1342
404 611
404 791
404 1076
405 486
405 599
405 819
406 820
406 1124
407 488
407 693
407 895
407 1275
408 550
409 581
409 800
410 460
410 921
411 560
411 936
411 947
412 878
412 964
412 1457
414 477
414 613
414 929
414 1054
415 791
417 512
417 584
417 603
417 1240
417 1248
418 749
418 980
418 1215
419 451
419 508
419 512
419 547
419 817
419 958
419 1424
420 906
421 719
421 808
421 1077
421 1131
421 1298
421 1384
422 860
422 1075
422 1435
423 796
423 1240
423 1303
424 708
424 911
425 1087
425 1203
425 1415
426 492
426 518
426 663
426 856
426 911
426 1131
427 523
427 541
427 802
427 904
427 986
427 1201
427 1354
428 433
428 466
428 643
428 768
428 1171
429 511
429 598
429 972
429 1135
429 1152
430 592
430 1247
432 434
432 669
432 813
432 1064
432 1318
433 1057
433 1306
434 605
434 1311
435 1184
435 1314
435 1385
436 698
436 878
436 1396
437 558
437 820
437 979
438 1292
438 1363
439 448
439 485
439 493
439 587
441 962
441 1045
441 1048
441 1078
442 608
443 501
443 581
443 670
443 679
443 1018
444 840
444 1327
445 1376
446 1371
447 543
447 994
447 1195
448 608
448 746
448 959
448 1063
448 1076
448 1188
448 1303
449 591
449 711
449 1177
450 578
450 1416
451 1312
452 770
452 859
452 1239
453 698
453 1191
453 1232
454 586
454 1066
455 617
455 623
455 748
455 752
456 771
456 939
456 1258
457 658
457 694
459 540
459 953
459 1327
460 1350
461 640
461 1421
462 821
462 1027
462 1144
462 1193
462 1231
462 1423
463 1054
463 1343
464 761
465 548
465 726
465 934
465 1079
465 1431
466 516
466 623
466 1178
467 504
467 780
467 868
467 1089
468 1013
468 1122
468 1164
468 1276
469 726
469 799
469 916
470 786
470 1078
470 1304
471 941
471 1436
472 585
473 1083
473 1446
474 528
474 736
474 1211
475 723
476 883
476 945
476 1286
476 1316
476 1456
477 876
478 686
478 1095
478 1104
478 1382
479 497
479 670
479 697
479 803
479 1044
480 1099
481 1034
481 1132
481 1250
482 624
482 838
482 1088
482 1372
483 582
483 886
483 912
483 984
483 1165
483 1248
483 1286
484 868
484 1169
486 487
486 541
486 916
486 1087
486 1318
486 1436
487 513
487 573
487 765
487 857
488 689
488 732
488 742
489 493
489 524
489 926
490 674
490 1384
491 632
491 988
491 1142
492 676
492 743
492 1007
492 1300
493 567
493 572
493 668
494 826
494 991
494 1066
494 1180
494 1352
496 909
497 681
497 1056
497 1412
498 765
498 1000
499 507
499 660
499 834
499 1112
499 1208
499 1317
499 1340
500 818
501 588
501 976
502 614
502 1218
502 1271
503 516
503 873
505 1247
505 1377
506 627
506 794
506 1212
506 1227
507 575
507 802
507 893
508 552
508 1121
508 1318
509 1025
509 1132
511 530
511 838
511 1439
513 657
513 808
514 685
514 724
514 890
514 943
514 1046
515 898
515 915
516 679
517 821
517 1101
517 1325
518 553
518 1263
519 579
519 1357
520 881
522 763
522 899
522 1133
523 764
523 903
523 1213
524 766
524 977
524 1445
525 553
525 694
525 842
525 951
525 997
525 1298
526 870
526 1094
526 1378
527 558
527 1325
528 833
528 1123
528 1192
529 1121
531 535
531 570
531 1073
532 1096
532 1438
534 811
534 880
535 545
535 1277
537 790
538 658
538 1326
539 601
540 1060
540 1225
540 1451
541 1072
542 662
542 1280
542 1458
543 913
543 1084
543 1094
544 593
544 1003
544 1145
545 782
545 859
545 867
546 590
546 1052
546 1216
547 762
547 1207
547 1279
548 957
548 1213
549 772
549 1094
551 897
552 763
552 1091
552 1321
553 1286
554 564
554 969
555 663
555 1364
556 650
556 972
556 1083
556 1130
556 1427
557 1017
557 1203
557 1285
558 1380
559 866
559 1099
560 887
560 963
560 1100
561 1163
562 994
563 833
563 1425
564 1044
564 1174
565 606
565 788
566 752
566 785
566 1155
567 1206
569 784
569 1378
569 1444
570 655
571 1254
572 1192
573 773
574 783
574 796
574 1450
575 1293
575 1304
577 1336
578 648
578 1246
579 772
579 974
579 1263
580 764
580 1242
581 590
581 747
581 1157
582 1091
582 1319
583 736
583 742
583 1156
583 1229
584 962
584 1201
584 1249
584 1367
584 1393
585 591
585 857
586 1058
586 1380
587 830
588 670
588 928
589 1094
589 1200
590 1354
591 695
591 701
591 1364
592 720
594 612
594 768
594 821
594 932
594 1033
594 1376
595 1272
595 1296
595 1369
595 1436
596 623
597 677
598 701
599 605
599 717
599 795
599 1056
599 1309
599 1433
601 1220
602 813
602 1406
604 655
604 1104
605 768
605 1074
605 1120
605 1268
606 649
606 1129
606 1330
606 1380
607 1427
608 636
608 783
608 990
608 1261
610 1291
611 647
611 659
612 1121
612 1358
613 966
613 1070
613 1132
614 1043
614 1247
614 1422
614 1432
615 767
615 827
615 829
615 917
615 1016
616 655
616 1056
616 1417
618 757
618 840
618 962
618 1170
618 1247
619 667
619 1202
619 1262
620 786
620 1165
620 1455
621 1379
624 892
624 1010
625 862
625 910
625 1115
627 830
627 897
627 1069
628 953
628 1029
628 1218
629 1201
629 1313
629 1412
631 774
631 874
631 1424
632 692
632 884
632 1391
633 996
633 1344
634 776
634 1092
634 1184
634 1187
635 914
635 1302
635 1348
636 1040
636 1054
637 1262
638 743
638 746
638 846
638 1228
639 819
639 1264
639 1396
640 875
641 859
641 883
641 986
641 1401
643 671
643 711
643 752
643 917
643 932
643 1437
644 658
644 790
645 661
645 930
645 1090
645 1285
645 1377
646 875
646 1430
647 814
647 1108
648 1107
648 1381
651 754
651 1324
652 673
653 1064
654 692
654 733
654 793
654 828
654 1447
656 1058
657 801
657 1329
657 1363
658 898
658 986
658 991
658 1392
660 712
660 980
660 1303
660 1355
660 1397
661 1010
662 874
662 1156
662 1397
663 944
663 1151
663 1169
663 1340
664 821
664 846
664 914
664 1258
664 1275
666 1140
667 1440
668 670
668 1116
668 1335
668 1354
669 1169
669 1450
670 856
670 888
670 894
670 952
670 1154
670 1168
670 1440
671 710
671 765
671 917
671 1170
671 1426
672 1251
674 1051
674 1374
675 733
676 921
676 1160
676 1318
676 1393
677 1073
678 1260
679 839
679 1011
679 1041
679 1200
680 1074
680 1353
682 1167
682 1288
683 762
683 835
684 876
685 909
685 1186
685 1297
686 956
686 1172
686 1250
687 793
687 1076
688 898
689 1312
690 718
690 873
690 961
690 1009
690 1042
690 1100
690 1152
690 1291
690 1426
692 905
692 1215
693 797
694 884
694 886
694 1046
695 946
696 1029
696 1434
697 822
698 1085
699 821
700 826
700 1005
701 1099
701 1160
702 795
702 1452
703 1308
703 1400
704 774
704 1430
705 1164
705 1427
707 1347
707 1402
709 972
709 1240
709 1394
710 1309
711 1232
712 801
712 1167
713 1303
714 951
714 1049
714 1450
716 1091
716 1269
716 1380
717 734
717 1156
718 1093
718 1110
719 832
719 907
720 1020
720 1054
720 1150
720 1169
720 1374
721 779
721 1196
721 1386
722 806
722 1304
723 1262
723 1275
723 1385
725 1332
727 964
727 988
727 1362
728 892
728 1145
730 964
731 854
731 1096
731 1292
731 1417
732 1013
732 1210
732 1382
733 1452
734 853
735 1334
736 1075
737 929
738 924
740 817
740 1296
741 1139
742 809
742 848
743 1018
744 925
744 1239
744 1273
744 1351
744 1438
745 933
746 1157
750 1352
751 1116
753 872
753 1085
754 1143
754 1309
754 1417
754 1422
755 1253
757 833
757 1009
757 1267
758 776
758 908
758 1108
758 1181
759 878
759 953
760 838
760 1223
761 770
761 1336
761 1354
762 830
762 965
762 1202
762 1354
762 1460
763 1145
764 872
764 1458
765 778
766 1096
769 914
769 1177
770 813
770 1040
772 1084
772 1139
772 1208
772 1277
773 1052
774 857
774 1152
774 1177
775 850
775 996
775 1065
776 1145
776 1239
776 1364
777 1109
778 814
778 990
778 1187
779 797
779 1426
780 1272
782 806
782 1016
782 1063
782 1292
782 1378
782 1388
785 955
785 959
785 1129
786 951
786 1240
786 1443
787 1061
787 1350
787 1383
788 1174
788 1446
788 1448
789 996
790 935
790 1417
791 1206
792 1164
792 1206
794 820
795 1350
797 1070
797 1157
797 1355
797 1393
798 1163
799 1169
799 1171
800 1141
800 1181
800 1265
800 1293
801 856
802 1006
802 1365
803 1063
803 1377
804 907
804 1414
805 810
806 837
806 882
806 965
807 809
810 986
810 1416
811 945
813 927
813 1097
814 996
814 1355
814 1366
814 1412
815 1255
816 832
817 1134
818 893
818 1426
819 833
819 1365
821 881
821 1252
821 1421
824 1009
824 1402
825 983
825 1247
826 874
827 930
827 976
827 1126
827 1199
829 959
829 1027
829 1454
831 996
832 852
832 940
832 1426
833 924
833 1048
834 839
834 1124
836 1356
837 1306
838 1096
839 1009
840 900
840 1369
841 991
841 1301
842 1059
842 1255
843 952
843 1322
844 1121
844 1142
844 1449
845 1170
845 1226
846 1312
847 1183
848 863
848 965
848 1030
849 1009
852 921
852 1089
852 1136
853 1133
854 982
854 1236
855 1026
855 1242
856 887
857 925
858 1138
858 1260
860 1239
861 1131
863 912
863 1414
864 1259
864 1339
864 1417
866 915
867 949
867 1080
868 1023
868 1175
869 1043
869 1336
869 1346
870 1217
870 1305
871 1143
872 904
872 990
872 1140
872 1152
873 1009
873 1057
873 1335
875 1190
876 1276
876 1365
877 914
878 1307
878 1370
879 887
879 1010
879 1443
882 933
883 988
883 1122
883 1149
883 1410
884 937
884 959
884 1011
885 1369
886 1024
887 1338
887 1455
888 1045
888 1129
891 1309
891 1434
892 1099
892 1201
892 1380
893 1156
893 1233
894 909
894 1015
895 958
896 1127
897 1136
897 1184
897 1451
898 1296
898 1346
898 1408
900 1090
900 1107
900 1149
900 1412
903 951
903 1254
904 945
905 1041
905 1366
906 1027
907 973
907 1270
909 1212
909 1225
910 1201
911 1087
912 918
913 1079
915 1377
919 920
919 956
919 1447
920 1083
920 1193
920 1265
921 950
921 1251
923 1102
923 1316
924 1103
925 1108
925 1124
926 1414
927 973
928 1013
928 1205
928 1207
928 1388
929 948
929 1282
930 1156
930 1210
931 1067
931 1285
931 1438
932 1430
933 1304
933 1443
934 1230
934 1292
934 1417
939 1264
939 1357
941 1049
942 1048
942 1202
942 1324
943 1251
944 1008
944 1149
945 1212
946 1232
947 1019
947 1132
947 1160
948 1416
949 1049
949 1072
949 1198
949 1311
950 1324
950 1359
951 1082
953 1140
953 1221
953 1339
957 1055
957 1111
959 1314
960 1200
961 994
961 1363
962 1456
963 1403
963 1405
963 1426
963 1435
964 1426
965 1062
965 1071
965 1375
966 1105
967 1101
968 1276
969 1203
969 1389
972 1021
972 1082
973 1002
973 1323
973 1456
975 976
976 1081
978 1415
979 1168
980 1291
981 1293
983 1419
983 1432
984 1387
986 1037
986 1289
987 997
987 1201
988 1256
988 1331
989 1263
989 1315
991 995
994 1108
995 1012
997 1216
997 1221
1000 1236
1002 1069
1003 1046
1003 1308
1005 1007
1006 1260
1008 1209
1008 1312
1009 1211
1012 1029
1012 1318
1016 1208
1016 1241
1016 1262
1017 1109
1017 1346
1018 1146
1019 1144
1020 1062
1020 1434
1021 1321
1022 1093
1022 1102
1023 1153
1023 1197
1024 1178
1024 1186
1024 1266
1026 1062
1027 1269
1028 1199
1028 1326
1028 1327
1028 1454
1029 1064
1029 1182
1031 1035
1032 1069
1033 1355
1034 1332
1037 1232
1038 1171
1039 1430
1041 1155
1042 1098
1043 1430
1045 1060
1045 1091
1045 1204
1045 1407
1046 1072
1046 1159
1046 1174
1046 1369
1047 1065
1048 1187
1050 1256
1051 1067
1053 1429
1056 1117
1056 1417
1057 1064
1057 1391
1058 1089
1058 1129
1059 1062
1059 1113
1059 1201
1059 1303
1061 1437
1062 1411
1063 1169
1063 1428
1064 1147
1067 1143
1067 1191
1067 1331
1068 1422
1069 1339
1071 1434
1072 1109
1072 1293
1075 1187
1075 1307
1076 1127
1076 1217
1076 1453
1077 1339
1078 1334
1080 1136
1080 1177
1080 1260
1080 1416
1083 1285
1084 1092
1087 1235
1087 1343
1088 1099
1088 1374
1090 1118
1090 1347
1096 1451
1098 1335
1099 1253
1099 1327
1101 1381
1101 1402
1102 1407
1104 1170
1104 1424
1105 1207
1105 1292
1108 1302
1110 1190
1110 1439
1112 1268
1112 1313
1116 1345
1117 1275
1117 1298
1117 1309
1117 1342
1118 1235
1118 1446
1119 1280
1119 1454
1120 1302
1121 1131
1123 1327
1126 1363
1128 1294
1129 1438
1132 1223
1133 1168
1133 1257
1134 1149
1135 1357
1136 1395
1137 1315
1138 1174
1142 1384
1143 1299
1143 1428
1144 1300
1145 1235
1145 1241
1145 1317
1149 1152
1150 1401
1151 1348
1151 1380
1152 1294
1156 1157
1157 1372
1159 1448
1159 1449
1163 1301
1164 1308
1164 1364
1165 1407
1167 1325
1168 1196
1169 1326
1170 1195
1171 1267
1171 1308
1172 1425
1173 1332
1176 1351
1181 1203
1181 1251
1187 1313
1189 1432
1190 1439
1191 1217
1191 1440
1192 1414
1193 1301
1194 1213
1195 1402
1196 1251
1196 1454
1199 1283
1202 1317
1203 1277
1203 1345
1205 1352
1209 1258
1210 1289
1211 1402
1215 1346
1216 1262
1221 1360
1223 1326
1225 1423
1229 1415
1231 1391
1231 1411
1232 1346
1234 1388
1236 1334
1237 1346
1238 1239
1238 1423
1238 1452
1239 1355
1239 1452
1240 1264
1240 1319
1241 1242
1241 1260
1248 1292
1251 1382
1253 1371
1255 1261
1255 1276
1255 1430
1259 1404
1259 1451
1260 1412
1263 1350
1266 1321
1266 1369
1266 1370
1267 1328
1268 1341
1268 1410
1270 1319
1270 1363
1270 1375
1272 1447
1273 1352
1273 1413
1274 1345
1275 1378
1276 1311
1276 1448
1277 1386
1277 1419
1279 1333
1281 1400
1285 1369
1287 1391
1288 1422
1293 1372
1294 1367
1297 1380
1298 1344
1299 1358
1300 1432
1301 1320
1303 1375
1305 1424
1308 1445
1309 1351
1312 1390
1319 1412
1319 1454
1322 1458
1330 1352
1343 1388
1344 1439
1350 1434
1351 1436
1351 1447
1352 1361
1363 1385
1381 1412
1399 1427
1399 1450
1402 1424
1411 1441
1433 1451
1452 1457
